[4, 155, 67, 141, 139, 30, 192, 174, 128, 76, 165, 102, 150, 113, 50]
[69, 87, 45, 114, 101, 168, 26, 31, 72, 182, 129, 85, 53, 56, 106]
[146, 180, 44, 112, 224, 138, 28, 59, 178, 181, 175, 109, 179, 204, 29]
[35, 163, 196, 203, 64, 71, 104, 38, 74, 159, 110, 127, 37, 42, 223]
[108, 210, 2, 25, 200, 66, 92, 214, 183, 12, 7, 133, 77, 62, 32]
[6, 94, 93, 147, 107, 215, 208, 152, 221, 9, 18, 99, 88, 207, 13]
[161, 105, 61, 58, 212, 19, 173, 156, 90, 220, 160, 166, 81, 78, 41]
[24, 5, 82, 149, 169, 125, 188, 184, 119, 121, 199, 195, 148, 46, 51]
[84, 96, 3, 57, 80, 91, 171, 205, 43, 167, 124, 15, 48, 162, 0]
[83, 100, 98, 209, 116, 144, 120, 10, 131, 140, 103, 40, 137, 211, 8]
[170, 63, 36, 218, 134, 189, 206, 202, 136, 65, 193, 95, 130, 111, 68]
[60, 1, 27, 49, 164, 142, 22, 132, 191, 219, 145, 172, 34, 185, 158]
[198, 118, 47, 154, 190, 70, 73, 39, 135, 97, 115, 157, 143, 213, 55]
[197, 52, 126, 75, 86, 216, 23, 123, 54, 16, 11, 21, 122, 177, 217]
[117, 194, 201, 176, 14, 151, 17, 89, 153, 186, 33, 79, 222, 187, 20]
